start=1593.960000
volume=45.000000
fullscreen=no
