start=1128.830000
volume=50.000000
fullscreen=no
